-0.0725706928348355 -4.210258729371285
-0.15082288973458377 -4.520334204613162
-0.2357223335210701 -3.2824450405583394
-0.3285040669720364 -3.763112080195828
-0.4307829160924547 -4.456352775811185
-0.5447271754416727 -6.9469207601131355
-0.6733445532637664 -4.472843478383802
-0.8209805520698312 1.2668237977713053
-0.9942522733438681 1.3042363274286317
-1.2039728043259375 -1.3992395572866463
-1.4696759700589437 -1.0263777181963543
-1.832581463748313 -4.332888467197995
-2.407945608651877 -5.489417537871968
-3.91202300542817 -4.370685013798649
